arr = [
    [0.616, 0.674, 0.743, 0.809, 0.867, 0.923, 0.973, 1.023, 1.070, 1.112, 1.143, 1.166, 1.184, 1.203, 1.223, 1.246,
     1.269, 1.294, 1.320, 1.346, 1.372, 1.399, 1.426, 1.452, 1.480, 1.506, 1.533, 1.560, 1.586, 1.612, 1.638, 1.664,
     1.690, 1.716, 1.741, 1.767, 1.792, 1.817, 1.843, 1.867, 1.890, 1.912, 1.933, 1.953, 1.973, 1.991, 2.008, 2.025,
     2.040, 2.055, 2.069, 2.082, 2.094, 2.106, 2.117, 2.129, 2.140, 2.151, 2.162, 2.172, 2.183, 2.193, 2.204, 2.214,
     2.224, 2.235, 2.245, 2.256, 2.266, 2.277, 2.288, 2.299, 2.309, 2.320, 2.331, 2.342, 2.352, 2.363, 2.374, 2.384,
     2.395, 2.405, 2.416, 2.426, 2.437, 2.447, 2.458, 2.468, 2.478, 2.488, 2.498, 2.507, 2.517, 2.527, 2.536, 2.545,
     2.555, 2.564, 2.573, 2.582, 2.591, 2.600, 2.608, 2.617, 2.626, 2.634, 2.643, 2.651, 2.659, 2.667, 2.675, 2.682,
     2.690, 2.697, 2.704, 2.712, 2.719, 2.726, 2.733, 2.740, 2.747, 2.754, 2.760, 2.767, 2.774, 2.780, 2.787, 2.793,
     2.800, 2.806, 2.813, 2.819, 2.825, 2.831, 2.837, 2.846, 2.855, 2.864, 2.873, 2.882, 2.891, 2.900, 2.909, 2.918,
     2.927, 2.936, 2.945, 2.954, 2.963, 2.972, 2.981, 2.990, 2.999, 3.008, 3.017],
    [0, 0.732, 0.807, 0.873, 0.930, 0.984, 1.033, 1.081, 1.127, 1.167, 1.196, 1.217, 1.231, 1.248, 1.267, 1.288, 1.310,
     1.334, 1.359, 1.384, 1.410, 1.436, 1.462, 1.489, 1.516, 1.542, 1.569, 1.595, 1.621, 1.647, 1.673, 1.698, 1.724,
     1.749, 1.774, 1.800, 1.825, 1.850, 1.875, 1.899, 1.922, 1.943, 1.964, 1.984, 2.003, 2.021, 2.038, 2.055, 2.070,
     2.084, 2.098, 2.110, 2.122, 2.134, 2.145, 2.156, 2.167, 2.178, 2.188, 2.199, 2.209, 2.219, 2.229, 2.239, 2.250,
     2.260, 2.270, 2.280, 2.291, 2.301, 2.312, 2.322, 2.333, 2.343, 2.354, 2.365, 2.375, 2.386, 2.396, 2.407, 2.417,
     2.428, 2.438, 2.448, 2.459, 2.469, 2.479, 2.489, 2.499, 2.509, 2.519, 2.528, 2.538, 2.547, 2.557, 2.566, 2.575,
     2.584, 2.593, 2.602, 2.610, 2.619, 2.628, 2.637, 2.645, 2.654, 2.662, 2.670, 2.678, 2.686, 2.693, 2.701, 2.708,
     2.716, 2.723, 2.730, 2.737, 2.744, 2.751, 2.758, 2.765, 2.771, 2.778, 2.785, 2.791, 2.798, 2.804, 2.811, 2.817,
     2.823, 2.829, 2.836, 2.842, 2.848, 2.854, 2.863, 2.872, 2.881, 2.890, 2.899, 2.908, 2.917, 2.926, 2.935, 2.944,
     2.953, 2.962, 2.971, 2.980, 2.989, 2.998, 3.007, 3.016, 3.025, 3.034],
    [0.732, 0, 0.882, 0.944, 0.996, 1.047, 1.093, 1.139, 1.183, 1.221, 1.247, 1.265, 1.277, 1.291, 1.308, 1.327, 1.348,
     1.372, 1.396, 1.420, 1.445, 1.471, 1.497, 1.523, 1.550, 1.576, 1.602, 1.628, 1.654, 1.679, 1.705, 1.730, 1.756,
     1.781, 1.806, 1.831, 1.856, 1.881, 1.906, 1.929, 1.952, 1.974, 1.995, 2.014, 2.033, 2.051, 2.067, 2.084, 2.099,
     2.113, 2.126, 2.138, 2.149, 2.161, 2.172, 2.182, 2.193, 2.204, 2.214, 2.224, 2.234, 2.244, 2.254, 2.264, 2.274,
     2.284, 2.294, 2.304, 2.314, 2.324, 2.335, 2.345, 2.355, 2.366, 2.376, 2.387, 2.397, 2.407, 2.418, 2.428, 2.438,
     2.449, 2.459, 2.469, 2.479, 2.490, 2.500, 2.510, 2.519, 2.529, 2.539, 2.548, 2.558, 2.567, 2.576, 2.585, 2.594,
     2.603, 2.612, 2.621, 2.629, 2.638, 2.647, 2.655, 2.664, 2.672, 2.680, 2.688, 2.696, 2.704, 2.711, 2.719, 2.726,
     2.733, 2.740, 2.747, 2.754, 2.761, 2.768, 2.775, 2.782, 2.788, 2.795, 2.801, 2.808, 2.814, 2.821, 2.827, 2.833,
     2.840, 2.846, 2.852, 2.858, 2.864, 2.870, 2.879, 2.888, 2.897, 2.906, 2.915, 2.924, 2.933, 2.942, 2.951, 2.960,
     2.969, 2.978, 2.987, 2.996, 3.005, 3.014, 3.023, 3.032, 3.041, 3.050],
    [0.807, 0.882, 0, 1.006, 1.053, 1.102, 1.146, 1.191, 1.233, 1.270, 1.293, 1.307, 1.316, 1.328, 1.344, 1.362, 1.382,
     1.404, 1.428, 1.452, 1.476, 1.502, 1.528, 1.554, 1.580, 1.606, 1.632, 1.658, 1.683, 1.709, 1.734, 1.760, 1.785,
     1.810, 1.835, 1.860, 1.885, 1.909, 1.934, 1.958, 1.980, 2.002, 2.022, 2.042, 2.060, 2.078, 2.094, 2.110, 2.125,
     2.139, 2.152, 2.164, 2.175, 2.186, 2.196, 2.207, 2.217, 2.228, 2.238, 2.248, 2.257, 2.267, 2.277, 2.286, 2.296,
     2.306, 2.316, 2.326, 2.336, 2.346, 2.356, 2.366, 2.376, 2.387, 2.397, 2.407, 2.418, 2.428, 2.438, 2.448, 2.458,
     2.469, 2.479, 2.489, 2.499, 2.509, 2.519, 2.529, 2.538, 2.548, 2.557, 2.567, 2.576, 2.585, 2.595, 2.604, 2.613,
     2.621, 2.630, 2.639, 2.647, 2.656, 2.664, 2.673, 2.681, 2.690, 2.698, 2.705, 2.713, 2.721, 2.728, 2.736, 2.743,
     2.750, 2.757, 2.764, 2.771, 2.778, 2.784, 2.791, 2.798, 2.804, 2.811, 2.817, 2.824, 2.830, 2.836, 2.843, 2.849,
     2.855, 2.861, 2.867, 2.873, 2.879, 2.885, 2.894, 2.903, 2.912, 2.921, 2.930, 2.939, 2.948, 2.957, 2.966, 2.975,
     2.984, 2.993, 3.002, 3.011, 3.020, 3.029, 3.038, 3.047, 3.056, 3.065],
    [0.873, 0.944, 1.006, 0, 1.101, 1.151, 1.192, 1.237, 1.279, 1.314, 1.334, 1.345, 1.351, 1.360, 1.374, 1.391, 1.411,
     1.433, 1.456, 1.480, 1.504, 1.530, 1.555, 1.581, 1.607, 1.633, 1.659, 1.685, 1.710, 1.736, 1.761, 1.787, 1.812,
     1.836, 1.861, 1.886, 1.911, 1.936, 1.961, 1.984, 2.006, 2.028, 2.048, 2.068, 2.086, 2.103, 2.120, 2.135, 2.150,
     2.163, 2.176, 2.188, 2.199, 2.209, 2.220, 2.230, 2.240, 2.250, 2.260, 2.270, 2.279, 2.289, 2.298, 2.308, 2.317,
     2.327, 2.336, 2.346, 2.356, 2.366, 2.376, 2.386, 2.396, 2.406, 2.417, 2.427, 2.437, 2.447, 2.457, 2.467, 2.477,
     2.487, 2.497, 2.507, 2.517, 2.527, 2.537, 2.547, 2.556, 2.566, 2.575, 2.585, 2.594, 2.603, 2.612, 2.621, 2.630,
     2.639, 2.647, 2.656, 2.664, 2.673, 2.681, 2.690, 2.698, 2.706, 2.714, 2.722, 2.730, 2.737, 2.744, 2.752, 2.759,
     2.766, 2.773, 2.780, 2.786, 2.793, 2.800, 2.807, 2.813, 2.820, 2.826, 2.832, 2.839, 2.845, 2.851, 2.857, 2.863,
     2.870, 2.876, 2.882, 2.888, 2.893, 2.899, 2.908, 2.917, 2.926, 2.935, 2.944, 2.953, 2.962, 2.971, 2.980, 2.989,
     2.998, 3.007, 3.016, 3.025, 3.034, 3.043, 3.052, 3.061, 3.070, 3.079],
    [0.930, 0.996, 1.053, 1.101, 0, 1.200, 1.238, 1.283, 1.323, 1.356, 1.373, 1.380, 1.382, 1.389, 1.402, 1.418, 1.436,
     1.458, 1.481, 1.505, 1.529, 1.555, 1.581, 1.606, 1.633, 1.659, 1.685, 1.710, 1.736, 1.761, 1.787, 1.812, 1.837,
     1.862, 1.887, 1.912, 1.937, 1.961, 1.986, 2.009, 2.032, 2.053, 2.073, 2.093, 2.111, 2.128, 2.144, 2.159, 2.174,
     2.187, 2.199, 2.211, 2.221, 2.232, 2.242, 2.252, 2.262, 2.272, 2.282, 2.291, 2.300, 2.310, 2.319, 2.328, 2.337,
     2.347, 2.356, 2.366, 2.376, 2.385, 2.395, 2.405, 2.415, 2.425, 2.435, 2.445, 2.455, 2.465, 2.475, 2.485, 2.495,
     2.505, 2.515, 2.525, 2.535, 2.545, 2.555, 2.564, 2.574, 2.583, 2.592, 2.602, 2.611, 2.620, 2.629, 2.638, 2.646,
     2.655, 2.664, 2.672, 2.680, 2.689, 2.697, 2.706, 2.714, 2.722, 2.730, 2.738, 2.745, 2.753, 2.760, 2.767, 2.774,
     2.781, 2.788, 2.795, 2.802, 2.808, 2.815, 2.821, 2.828, 2.834, 2.841, 2.847, 2.853, 2.859, 2.866, 2.872, 2.878,
     2.884, 2.890, 2.896, 2.902, 2.907, 2.913, 2.922, 2.931, 2.940, 2.949, 2.958, 2.967, 2.976, 2.985, 2.994, 3.003,
     3.012, 3.021, 3.030, 3.039, 3.048, 3.057, 3.066, 3.075, 3.084, 3.093],
    [0.984, 1.047, 1.102, 1.151, 1.200, 0, 1.275, 1.324, 1.364, 1.395, 1.407, 1.410, 1.408, 1.413, 1.424, 1.439, 1.458,
     1.480, 1.503, 1.527, 1.551, 1.577, 1.603, 1.629, 1.655, 1.682, 1.708, 1.734, 1.759, 1.785, 1.810, 1.836, 1.861,
     1.885, 1.910, 1.935, 1.960, 1.985, 2.010, 2.033, 2.055, 2.077, 2.097, 2.116, 2.134, 2.151, 2.167, 2.182, 2.196,
     2.209, 2.222, 2.233, 2.243, 2.253, 2.263, 2.273, 2.283, 2.293, 2.302, 2.311, 2.320, 2.329, 2.338, 2.348, 2.357,
     2.366, 2.375, 2.385, 2.394, 2.404, 2.414, 2.424, 2.433, 2.443, 2.453, 2.463, 2.473, 2.483, 2.493, 2.503, 2.513,
     2.523, 2.532, 2.542, 2.552, 2.562, 2.571, 2.581, 2.590, 2.600, 2.609, 2.618, 2.627, 2.636, 2.645, 2.654, 2.662,
     2.671, 2.679, 2.688, 2.696, 2.704, 2.713, 2.721, 2.729, 2.737, 2.745, 2.753, 2.760, 2.768, 2.775, 2.782, 2.789,
     2.796, 2.803, 2.809, 2.816, 2.823, 2.829, 2.836, 2.842, 2.848, 2.855, 2.861, 2.867, 2.873, 2.879, 2.885, 2.891,
     2.897, 2.903, 2.909, 2.915, 2.921, 2.926, 2.935, 2.944, 2.953, 2.962, 2.971, 2.980, 2.989, 2.998, 3.007, 3.016,
     3.025, 3.034, 3.043, 3.052, 3.061, 3.070, 3.079, 3.088, 3.097, 3.106],
    [1.033, 1.093, 1.146, 1.192, 1.238, 1.275, 0, 1.372, 1.409, 1.435, 1.440, 1.437, 1.430, 1.432, 1.442, 1.458, 1.476,
     1.498, 1.522, 1.546, 1.571, 1.597, 1.624, 1.650, 1.677, 1.703, 1.729, 1.755, 1.781, 1.807, 1.832, 1.858, 1.883,
     1.908, 1.933, 1.958, 1.983, 2.008, 2.033, 2.056, 2.078, 2.099, 2.120, 2.139, 2.157, 2.174, 2.189, 2.204, 2.218,
     2.231, 2.243, 2.254, 2.264, 2.274, 2.284, 2.294, 2.303, 2.313, 2.322, 2.331, 2.340, 2.349, 2.357, 2.366, 2.375,
     2.384, 2.394, 2.403, 2.412, 2.422, 2.432, 2.441, 2.451, 2.461, 2.471, 2.480, 2.490, 2.500, 2.510, 2.520, 2.529,
     2.539, 2.549, 2.559, 2.568, 2.578, 2.587, 2.597, 2.606, 2.616, 2.625, 2.634, 2.643, 2.652, 2.660, 2.669, 2.678,
     2.686, 2.695, 2.703, 2.711, 2.719, 2.728, 2.736, 2.744, 2.752, 2.760, 2.767, 2.775, 2.782, 2.789, 2.796, 2.803,
     2.810, 2.817, 2.823, 2.830, 2.837, 2.843, 2.849, 2.856, 2.862, 2.868, 2.874, 2.881, 2.887, 2.893, 2.899, 2.905,
     2.910, 2.916, 2.922, 2.928, 2.934, 2.939, 2.948, 2.957, 2.966, 2.975, 2.984, 2.993, 3.002, 3.011, 3.020, 3.029,
     3.038, 3.047, 3.056, 3.065, 3.074, 3.083, 3.092, 3.101, 3.110, 3.119],
    [1.081, 1.139, 1.191, 1.237, 1.283, 1.324, 1.372, 0, 1.445, 1.467, 1.463, 1.453, 1.441, 1.442, 1.452, 1.468, 1.488,
     1.511, 1.535, 1.560, 1.586, 1.613, 1.640, 1.667, 1.694, 1.721, 1.748, 1.775, 1.800, 1.827, 1.852, 1.878, 1.903,
     1.929, 1.954, 1.979, 2.004, 2.029, 2.054, 2.077, 2.100, 2.121, 2.141, 2.160, 2.178, 2.195, 2.210, 2.225, 2.239,
     2.252, 2.263, 2.274, 2.284, 2.294, 2.303, 2.313, 2.322, 2.331, 2.340, 2.349, 2.358, 2.367, 2.375, 2.384, 2.393,
     2.402, 2.411, 2.420, 2.429, 2.439, 2.448, 2.458, 2.468, 2.477, 2.487, 2.497, 2.506, 2.516, 2.526, 2.536, 2.545,
     2.555, 2.565, 2.574, 2.584, 2.593, 2.603, 2.612, 2.622, 2.631, 2.640, 2.649, 2.658, 2.666, 2.675, 2.684, 2.692,
     2.701, 2.709, 2.717, 2.726, 2.734, 2.742, 2.750, 2.758, 2.766, 2.774, 2.781, 2.789, 2.796, 2.803, 2.810, 2.817,
     2.824, 2.830, 2.837, 2.843, 2.850, 2.856, 2.863, 2.869, 2.875, 2.881, 2.887, 2.893, 2.899, 2.905, 2.911, 2.917,
     2.923, 2.929, 2.935, 2.940, 2.946, 2.952, 2.961, 2.970, 2.979, 2.988, 2.997, 3.006, 3.015, 3.024, 3.033, 3.042,
     3.051, 3.060, 3.069, 3.078, 3.087, 3.096, 3.105, 3.114, 3.123, 3.132],
    [1.127, 1.183, 1.233, 1.279, 1.323, 1.364, 1.409, 1.445, 0, 1.489, 1.472, 1.456, 1.440, 1.442, 1.454, 1.472, 1.493,
     1.518, 1.544, 1.571, 1.598, 1.626, 1.654, 1.682, 1.710, 1.738, 1.765, 1.792, 1.818, 1.845, 1.871, 1.897, 1.923,
     1.948, 1.974, 1.999, 2.024, 2.049, 2.074, 2.098, 2.120, 2.141, 2.162, 2.180, 2.198, 2.215, 2.230, 2.245, 2.259,
     2.271, 2.283, 2.293, 2.303, 2.313, 2.322, 2.331, 2.340, 2.349, 2.358, 2.367, 2.376, 2.384, 2.393, 2.401, 2.410,
     2.419, 2.428, 2.437, 2.446, 2.455, 2.464, 2.474, 2.484, 2.493, 2.503, 2.512, 2.522, 2.532, 2.541, 2.551, 2.561,
     2.570, 2.580, 2.589, 2.599, 2.608, 2.618, 2.627, 2.636, 2.645, 2.654, 2.663, 2.672, 2.681, 2.690, 2.698, 2.707,
     2.715, 2.723, 2.731, 2.740, 2.748, 2.756, 2.764, 2.772, 2.780, 2.787, 2.795, 2.802, 2.809, 2.816, 2.823, 2.830,
     2.837, 2.843, 2.850, 2.856, 2.863, 2.869, 2.875, 2.882, 2.888, 2.894, 2.900, 2.906, 2.912, 2.918, 2.924, 2.930,
     2.935, 2.941, 2.947, 2.952, 2.958, 2.964, 2.973, 2.982, 2.991, 3.000, 3.009, 3.018, 3.027, 3.036, 3.045, 3.054,
     3.063, 3.072, 3.081, 3.090, 3.099, 3.108, 3.117, 3.126, 3.135, 3.144],
    [1.167, 1.221, 1.270, 1.314, 1.356, 1.395, 1.435, 1.467, 1.489, 0, 1.455, 1.439, 1.424, 1.430, 1.447, 1.469, 1.494,
     1.522, 1.550, 1.579, 1.608, 1.638, 1.667, 1.696, 1.725, 1.753, 1.781, 1.809, 1.836, 1.863, 1.889, 1.916, 1.941,
     1.967, 1.993, 2.018, 2.044, 2.069, 2.094, 2.118, 2.141, 2.162, 2.182, 2.201, 2.218, 2.235, 2.250, 2.265, 2.278,
     2.291, 2.302, 2.313, 2.322, 2.331, 2.340, 2.350, 2.359, 2.367, 2.376, 2.385, 2.393, 2.401, 2.410, 2.418, 2.427,
     2.435, 2.444, 2.453, 2.462, 2.471, 2.480, 2.490, 2.499, 2.509, 2.518, 2.528, 2.537, 2.547, 2.557, 2.566, 2.576,
     2.585, 2.595, 2.604, 2.614, 2.623, 2.632, 2.642, 2.651, 2.660, 2.669, 2.678, 2.686, 2.695, 2.704, 2.712, 2.721,
     2.729, 2.737, 2.745, 2.753, 2.761, 2.769, 2.777, 2.785, 2.793, 2.801, 2.808, 2.815, 2.822, 2.829, 2.836, 2.843,
     2.850, 2.856, 2.863, 2.869, 2.875, 2.882, 2.888, 2.894, 2.900, 2.906, 2.912, 2.918, 2.924, 2.930, 2.936, 2.942,
     2.947, 2.953, 2.959, 2.964, 2.970, 2.975, 2.984, 2.993, 3.002, 3.011, 3.020, 3.029, 3.038, 3.047, 3.056, 3.065,
     3.074, 3.083, 3.092, 3.101, 3.110, 3.119, 3.128, 3.137, 3.146, 3.155],
    [1.196, 1.247, 1.293, 1.334, 1.373, 1.407, 1.440, 1.463, 1.472, 1.455, 0, 1.423, 1.409, 1.421, 1.445, 1.472, 1.500,
     1.531, 1.562, 1.593, 1.623, 1.654, 1.685, 1.714, 1.744, 1.773, 1.802, 1.829, 1.857, 1.884, 1.911, 1.937, 1.964,
     1.989, 2.015, 2.041, 2.067, 2.092, 2.117, 2.141, 2.163, 2.185, 2.205, 2.223, 2.241, 2.257, 2.273, 2.287, 2.300,
     2.312, 2.323, 2.333, 2.343, 2.352, 2.361, 2.369, 2.378, 2.387, 2.395, 2.404, 2.412, 2.420, 2.428, 2.436, 2.445,
     2.453, 2.462, 2.471, 2.479, 2.488, 2.498, 2.507, 2.516, 2.525, 2.535, 2.544, 2.554, 2.563, 2.573, 2.582, 2.592,
     2.601, 2.610, 2.620, 2.629, 2.639, 2.648, 2.657, 2.666, 2.675, 2.684, 2.693, 2.701, 2.710, 2.718, 2.727, 2.735,
     2.743, 2.752, 2.760, 2.768, 2.776, 2.784, 2.792, 2.799, 2.807, 2.815, 2.822, 2.829, 2.836, 2.843, 2.850, 2.857,
     2.863, 2.870, 2.876, 2.882, 2.889, 2.895, 2.901, 2.907, 2.913, 2.919, 2.925, 2.931, 2.937, 2.943, 2.949, 2.954,
     2.960, 2.966, 2.971, 2.977, 2.982, 2.988, 2.997, 3.006, 3.015, 3.024, 3.033, 3.042, 3.051, 3.060, 3.069, 3.078,
     3.087, 3.096, 3.105, 3.114, 3.123, 3.132, 3.141, 3.150, 3.159, 3.168],
    [1.217, 1.265, 1.307, 1.345, 1.380, 1.410, 1.437, 1.453, 1.456, 1.439, 1.423, 0, 1.395, 1.420, 1.452, 1.484, 1.516,
     1.549, 1.582, 1.614, 1.646, 1.678, 1.708, 1.738, 1.769, 1.798, 1.827, 1.855, 1.882, 1.910, 1.937, 1.963, 1.989,
     2.015, 2.041, 2.067, 2.092, 2.118, 2.143, 2.167, 2.189, 2.210, 2.230, 2.248, 2.266, 2.282, 2.297, 2.311, 2.324,
     2.336, 2.346, 2.356, 2.365, 2.374, 2.382, 2.391, 2.399, 2.408, 2.416, 2.424, 2.432, 2.440, 2.448, 2.456, 2.464,
     2.472, 2.481, 2.489, 2.498, 2.507, 2.516, 2.525, 2.534, 2.543, 2.553, 2.562, 2.571, 2.581, 2.590, 2.599, 2.609,
     2.618, 2.627, 2.636, 2.646, 2.655, 2.664, 2.673, 2.682, 2.691, 2.700, 2.709, 2.717, 2.726, 2.734, 2.742, 2.751,
     2.759, 2.767, 2.775, 2.783, 2.791, 2.799, 2.806, 2.814, 2.822, 2.829, 2.837, 2.844, 2.851, 2.858, 2.864, 2.871,
     2.877, 2.884, 2.890, 2.896, 2.903, 2.909, 2.915, 2.921, 2.927, 2.933, 2.939, 2.944, 2.950, 2.956, 2.962, 2.967,
     2.973, 2.978, 2.984, 2.990, 2.995, 3.000, 3.009, 3.018, 3.027, 3.036, 3.045, 3.054, 3.063, 3.072, 3.081, 3.090,
     3.099, 3.108, 3.117, 3.126, 3.135, 3.144, 3.153, 3.162, 3.171, 3.180],
    [1.231, 1.277, 1.316, 1.351, 1.382, 1.408, 1.430, 1.441, 1.440, 1.424, 1.409, 1.395, 0, 1.446, 1.480, 1.513, 1.546,
     1.580, 1.613, 1.645, 1.677, 1.709, 1.740, 1.770, 1.800, 1.829, 1.858, 1.886, 1.913, 1.940, 1.967, 1.993, 2.019,
     2.045, 2.070, 2.096, 2.122, 2.147, 2.172, 2.195, 2.217, 2.238, 2.258, 2.276, 2.293, 2.309, 2.323, 2.337, 2.350,
     2.361, 2.371, 2.381, 2.389, 2.398, 2.406, 2.414, 2.422, 2.430, 2.438, 2.446, 2.453, 2.461, 2.469, 2.477, 2.484,
     2.493, 2.501, 2.509, 2.518, 2.526, 2.535, 2.544, 2.553, 2.562, 2.571, 2.580, 2.590, 2.599, 2.608, 2.617, 2.626,
     2.636, 2.645, 2.654, 2.663, 2.672, 2.681, 2.690, 2.699, 2.708, 2.717, 2.725, 2.734, 2.742, 2.750, 2.759, 2.767,
     2.775, 2.783, 2.791, 2.799, 2.806, 2.814, 2.822, 2.830, 2.837, 2.845, 2.852, 2.859, 2.866, 2.872, 2.879, 2.886,
     2.892, 2.898, 2.905, 2.911, 2.917, 2.923, 2.929, 2.935, 2.941, 2.947, 2.953, 2.958, 2.964, 2.970, 2.975, 2.981,
     2.986, 2.992, 2.997, 3.003, 3.008, 3.014, 3.023, 3.032, 3.041, 3.050, 3.059, 3.068, 3.077, 3.086, 3.095, 3.104,
     3.113, 3.122, 3.131, 3.140, 3.149, 3.158, 3.167, 3.176, 3.185, 3.194],
    [1.248, 1.291, 1.328, 1.360, 1.389, 1.413, 1.432, 1.442, 1.442, 1.430, 1.421, 1.420, 1.446, 0, 1.515, 1.547, 1.579,
     1.614, 1.647, 1.679, 1.710, 1.742, 1.772, 1.802, 1.832, 1.861, 1.889, 1.917, 1.944, 1.971, 1.997, 2.024, 2.049,
     2.075, 2.100, 2.126, 2.151, 2.176, 2.201, 2.224, 2.246, 2.266, 2.286, 2.304, 2.320, 2.336, 2.350, 2.363, 2.375,
     2.387, 2.396, 2.405, 2.414, 2.421, 2.429, 2.437, 2.445, 2.453, 2.460, 2.468, 2.475, 2.482, 2.490, 2.497, 2.505,
     2.513, 2.521, 2.529, 2.537, 2.546, 2.554, 2.563, 2.572, 2.581, 2.590, 2.599, 2.608, 2.617, 2.626, 2.635, 2.644,
     2.653, 2.662, 2.671, 2.680, 2.689, 2.698, 2.707, 2.716, 2.725, 2.733, 2.742, 2.750, 2.758, 2.767, 2.775, 2.783,
     2.791, 2.799, 2.806, 2.814, 2.822, 2.830, 2.837, 2.845, 2.852, 2.860, 2.867, 2.874, 2.880, 2.887, 2.894, 2.900,
     2.906, 2.913, 2.919, 2.925, 2.931, 2.937, 2.943, 2.949, 2.955, 2.961, 2.966, 2.972, 2.978, 2.983, 2.989, 2.994,
     3.000, 3.005, 3.011, 3.016, 3.021, 3.027, 3.036, 3.045, 3.054, 3.063, 3.072, 3.081, 3.090, 3.099, 3.108, 3.117,
     3.126, 3.135, 3.144, 3.153, 3.162, 3.171, 3.180, 3.189, 3.198, 3.207],
    [1.267, 1.308, 1.344, 1.374, 1.402, 1.424, 1.442, 1.452, 1.454, 1.447, 1.445, 1.452, 1.480, 1.515, 0, 1.579, 1.611,
     1.647, 1.680, 1.712, 1.742, 1.774, 1.805, 1.834, 1.864, 1.892, 1.921, 1.948, 1.974, 2.001, 2.027, 2.053, 2.079,
     2.104, 2.129, 2.155, 2.180, 2.205, 2.229, 2.252, 2.274, 2.294, 2.313, 2.331, 2.347, 2.362, 2.376, 2.389, 2.401,
     2.411, 2.421, 2.430, 2.437, 2.445, 2.452, 2.460, 2.467, 2.474, 2.482, 2.489, 2.496, 2.503, 2.510, 2.517, 2.525,
     2.532, 2.540, 2.548, 2.556, 2.564, 2.573, 2.581, 2.590, 2.599, 2.608, 2.616, 2.625, 2.634, 2.643, 2.652, 2.661,
     2.670, 2.679, 2.688, 2.697, 2.706, 2.715, 2.723, 2.732, 2.741, 2.749, 2.758, 2.766, 2.774, 2.782, 2.790, 2.798,
     2.806, 2.814, 2.822, 2.829, 2.837, 2.845, 2.852, 2.860, 2.867, 2.874, 2.881, 2.888, 2.895, 2.901, 2.908, 2.914,
     2.920, 2.927, 2.933, 2.939, 2.945, 2.951, 2.957, 2.962, 2.968, 2.974, 2.980, 2.985, 2.991, 2.996, 3.002, 3.007,
     3.013, 3.018, 3.023, 3.029, 3.034, 3.039, 3.048, 3.057, 3.066, 3.075, 3.084, 3.093, 3.102, 3.111, 3.120, 3.129,
     3.138, 3.147, 3.156, 3.165, 3.174, 3.183, 3.192, 3.201, 3.210, 3.219],
    [1.288, 1.327, 1.362, 1.391, 1.418, 1.439, 1.458, 1.468, 1.472, 1.469, 1.472, 1.484, 1.513, 1.547, 1.579, 0, 1.643,
     1.681, 1.713, 1.745, 1.775, 1.807, 1.837, 1.866, 1.895, 1.924, 1.952, 1.979, 2.005, 2.031, 2.057, 2.083, 2.108,
     2.133, 2.158, 2.183, 2.208, 2.233, 2.258, 2.281, 2.302, 2.322, 2.340, 2.358, 2.374, 2.388, 2.402, 2.414, 2.426,
     2.436, 2.445, 2.453, 2.460, 2.468, 2.475, 2.482, 2.489, 2.496, 2.503, 2.509, 2.516, 2.523, 2.530, 2.537, 2.544,
     2.551, 2.559, 2.567, 2.574, 2.583, 2.591, 2.599, 2.608, 2.616, 2.625, 2.634, 2.643, 2.651, 2.660, 2.669, 2.678,
     2.687, 2.695, 2.704, 2.713, 2.722, 2.731, 2.739, 2.748, 2.756, 2.765, 2.773, 2.781, 2.789, 2.797, 2.805, 2.813,
     2.821, 2.829, 2.836, 2.844, 2.851, 2.859, 2.867, 2.874, 2.881, 2.888, 2.895, 2.902, 2.909, 2.915, 2.922, 2.928,
     2.934, 2.940, 2.946, 2.952, 2.958, 2.964, 2.970, 2.976, 2.981, 2.987, 2.993, 2.998, 3.004, 3.009, 3.014, 3.020,
     3.025, 3.030, 3.036, 3.041, 3.046, 3.051, 3.060, 3.069, 3.078, 3.087, 3.096, 3.105, 3.114, 3.123, 3.132, 3.141,
     3.150, 3.159, 3.168, 3.177, 3.186, 3.195, 3.204, 3.213, 3.222, 3.231],
    [1.310, 1.348, 1.382, 1.411, 1.436, 1.458, 1.476, 1.488, 1.493, 1.494, 1.500, 1.516, 1.546, 1.579, 1.611, 1.643, 0,
     1.718, 1.748, 1.778, 1.808, 1.840, 1.869, 1.898, 1.927, 1.955, 1.982, 2.009, 2.035, 2.061, 2.087, 2.112, 2.137,
     2.162, 2.187, 2.212, 2.237, 2.261, 2.286, 2.308, 2.329, 2.349, 2.367, 2.384, 2.400, 2.414, 2.427, 2.439, 2.450,
     2.460, 2.469, 2.476, 2.483, 2.490, 2.496, 2.503, 2.510, 2.517, 2.523, 2.530, 2.536, 2.542, 2.549, 2.556, 2.563,
     2.570, 2.577, 2.585, 2.592, 2.600, 2.608, 2.617, 2.625, 2.633, 2.642, 2.650, 2.659, 2.668, 2.677, 2.685, 2.694,
     2.703, 2.711, 2.720, 2.729, 2.738, 2.746, 2.755, 2.763, 2.772, 2.780, 2.788, 2.796, 2.804, 2.812, 2.820, 2.828,
     2.836, 2.843, 2.851, 2.858, 2.866, 2.873, 2.881, 2.888, 2.895, 2.902, 2.909, 2.916, 2.922, 2.929, 2.935, 2.941,
     2.947, 2.953, 2.959, 2.965, 2.971, 2.977, 2.983, 2.988, 2.994, 3.000, 3.005, 3.011, 3.016, 3.021, 3.027, 3.032,
     3.037, 3.043, 3.048, 3.053, 3.058, 3.063, 3.072, 3.081, 3.090, 3.099, 3.108, 3.117, 3.126, 3.135, 3.144, 3.153,
     3.162, 3.171, 3.180, 3.189, 3.198, 3.207, 3.216, 3.225, 3.234, 3.243],
    [1.334, 1.372, 1.404, 1.433, 1.458, 1.480, 1.498, 1.511, 1.518, 1.522, 1.531, 1.549, 1.580, 1.614, 1.647, 1.681,
     1.718, 0, 1.778, 1.809, 1.838, 1.870, 1.899, 1.927, 1.957, 1.984, 2.012, 2.038, 2.064, 2.090, 2.115, 2.141, 2.165,
     2.190, 2.215, 2.239, 2.264, 2.288, 2.313, 2.335, 2.356, 2.375, 2.393, 2.410, 2.425, 2.439, 2.451, 2.463, 2.474,
     2.483, 2.491, 2.499, 2.505, 2.511, 2.518, 2.524, 2.530, 2.536, 2.543, 2.549, 2.555, 2.561, 2.567, 2.574, 2.581,
     2.588, 2.595, 2.602, 2.610, 2.617, 2.625, 2.633, 2.642, 2.650, 2.658, 2.667, 2.675, 2.684, 2.692, 2.701, 2.709,
     2.718, 2.727, 2.735, 2.744, 2.753, 2.761, 2.770, 2.778, 2.786, 2.794, 2.803, 2.811, 2.819, 2.826, 2.834, 2.842,
     2.850, 2.857, 2.864, 2.872, 2.879, 2.887, 2.894, 2.902, 2.909, 2.916, 2.922, 2.929, 2.936, 2.942, 2.948, 2.954,
     2.960, 2.966, 2.972, 2.978, 2.984, 2.989, 2.995, 3.001, 3.006, 3.012, 3.017, 3.023, 3.028, 3.033, 3.039, 3.044,
     3.049, 3.054, 3.060, 3.065, 3.070, 3.075, 3.084, 3.093, 3.102, 3.111, 3.120, 3.129, 3.138, 3.147, 3.156, 3.165,
     3.174, 3.183, 3.192, 3.201, 3.210, 3.219, 3.228, 3.237, 3.246, 3.255],
    [1.359, 1.396, 1.428, 1.456, 1.481, 1.503, 1.522, 1.535, 1.544, 1.550, 1.562, 1.582, 1.613, 1.647, 1.680, 1.713,
     1.748, 1.778, 0, 1.839, 1.868, 1.900, 1.929, 1.957, 1.987, 2.014, 2.041, 2.067, 2.092, 2.118, 2.143, 2.168, 2.193,
     2.217, 2.242, 2.266, 2.291, 2.315, 2.339, 2.362, 2.382, 2.401, 2.419, 2.435, 2.450, 2.463, 2.475, 2.487, 2.497,
     2.506, 2.514, 2.520, 2.526, 2.532, 2.538, 2.544, 2.550, 2.556, 2.562, 2.568, 2.573, 2.579, 2.585, 2.592, 2.598,
     2.605, 2.612, 2.619, 2.626, 2.634, 2.641, 2.649, 2.657, 2.666, 2.674, 2.682, 2.691, 2.699, 2.707, 2.716, 2.724,
     2.733, 2.742, 2.750, 2.759, 2.767, 2.776, 2.784, 2.792, 2.800, 2.809, 2.817, 2.825, 2.832, 2.840, 2.848, 2.856,
     2.863, 2.871, 2.878, 2.885, 2.893, 2.900, 2.907, 2.915, 2.922, 2.929, 2.935, 2.942, 2.948, 2.955, 2.961, 2.967,
     2.973, 2.979, 2.984, 2.990, 2.996, 3.002, 3.007, 3.013, 3.018, 3.024, 3.029, 3.034, 3.040, 3.045, 3.050, 3.055,
     3.061, 3.066, 3.071, 3.076, 3.081, 3.086, 3.095, 3.104, 3.113, 3.122, 3.131, 3.140, 3.149, 3.158, 3.167, 3.176,
     3.185, 3.194, 3.203, 3.212, 3.221, 3.230, 3.239, 3.248, 3.257, 3.266],
    [1.384, 1.420, 1.452, 1.480, 1.505, 1.527, 1.546, 1.560, 1.571, 1.579, 1.593, 1.614, 1.645, 1.679, 1.712, 1.745,
     1.778, 1.809, 1.839, 0, 1.897, 1.931, 1.960, 1.987, 2.016, 2.043, 2.070, 2.096, 2.120, 2.146, 2.171, 2.196, 2.220,
     2.244, 2.269, 2.293, 2.318, 2.342, 2.366, 2.388, 2.408, 2.427, 2.444, 2.460, 2.474, 2.487, 2.499, 2.510, 2.520,
     2.528, 2.535, 2.542, 2.547, 2.553, 2.558, 2.564, 2.569, 2.575, 2.580, 2.586, 2.591, 2.597, 2.603, 2.609, 2.615,
     2.621, 2.628, 2.635, 2.642, 2.650, 2.657, 2.665, 2.673, 2.681, 2.689, 2.697, 2.706, 2.714, 2.722, 2.731, 2.739,
     2.747, 2.756, 2.764, 2.773, 2.781, 2.790, 2.798, 2.806, 2.814, 2.822, 2.830, 2.838, 2.846, 2.854, 2.861, 2.869,
     2.876, 2.884, 2.891, 2.898, 2.905, 2.913, 2.920, 2.927, 2.934, 2.941, 2.948, 2.954, 2.961, 2.967, 2.973, 2.979,
     2.985, 2.991, 2.996, 3.002, 3.008, 3.013, 3.019, 3.024, 3.030, 3.035, 3.041, 3.046, 3.051, 3.056, 3.061, 3.067,
     3.072, 3.077, 3.082, 3.087, 3.092, 3.097, 3.106, 3.115, 3.124, 3.133, 3.142, 3.151, 3.160, 3.169, 3.178, 3.187,
     3.196, 3.205, 3.214, 3.223, 3.232, 3.241, 3.250, 3.259, 3.268, 3.277],
    [1.410, 1.445, 1.476, 1.504, 1.529, 1.551, 1.571, 1.586, 1.598, 1.608, 1.623, 1.646, 1.677, 1.710, 1.742, 1.775,
     1.808, 1.838, 1.868, 1.897, 0, 1.966, 1.991, 2.017, 2.046, 2.072, 2.099, 2.124, 2.148, 2.174, 2.198, 2.223, 2.247,
     2.271, 2.295, 2.319, 2.344, 2.368, 2.392, 2.414, 2.433, 2.452, 2.469, 2.484, 2.498, 2.511, 2.522, 2.533, 2.542,
     2.550, 2.557, 2.562, 2.567, 2.572, 2.577, 2.583, 2.588, 2.593, 2.598, 2.604, 2.609, 2.614, 2.620, 2.625, 2.631,
     2.638, 2.644, 2.651, 2.658, 2.665, 2.672, 2.680, 2.688, 2.696, 2.704, 2.712, 2.720, 2.728, 2.736, 2.745, 2.753,
     2.761, 2.770, 2.778, 2.786, 2.795, 2.803, 2.811, 2.819, 2.827, 2.835, 2.843, 2.851, 2.859, 2.866, 2.874, 2.882,
     2.889, 2.896, 2.903, 2.911, 2.918, 2.925, 2.932, 2.939, 2.946, 2.953, 2.960, 2.966, 2.973, 2.979, 2.985, 2.991,
     2.996, 3.002, 3.008, 3.014, 3.019, 3.025, 3.030, 3.036, 3.041, 3.046, 3.052, 3.057, 3.062, 3.067, 3.072, 3.077,
     3.083, 3.088, 3.093, 3.098, 3.102, 3.107, 3.116, 3.125, 3.134, 3.143, 3.152, 3.161, 3.170, 3.179, 3.188, 3.197,
     3.206, 3.215, 3.224, 3.233, 3.242, 3.251, 3.260, 3.269, 3.278, 3.287],
    [1.436, 1.471, 1.502, 1.530, 1.555, 1.577, 1.597, 1.613, 1.626, 1.638, 1.654, 1.678, 1.709, 1.742, 1.774, 1.807,
     1.840, 1.870, 1.900, 1.931, 1.966, 0, 2.016, 2.043, 2.073, 2.099, 2.125, 2.150, 2.174, 2.200, 2.224, 2.249, 2.273,
     2.296, 2.321, 2.345, 2.369, 2.393, 2.417, 2.438, 2.458, 2.476, 2.493, 2.508, 2.521, 2.534, 2.544, 2.554, 2.563,
     2.571, 2.577, 2.582, 2.587, 2.591, 2.596, 2.601, 2.606, 2.611, 2.615, 2.620, 2.625, 2.630, 2.635, 2.641, 2.647,
     2.653, 2.659, 2.666, 2.672, 2.680, 2.687, 2.694, 2.702, 2.710, 2.718, 2.726, 2.734, 2.742, 2.750, 2.758, 2.766,
     2.775, 2.783, 2.791, 2.799, 2.808, 2.816, 2.824, 2.832, 2.840, 2.848, 2.856, 2.864, 2.871, 2.879, 2.886, 2.894,
     2.901, 2.908, 2.915, 2.923, 2.930, 2.937, 2.944, 2.951, 2.958, 2.965, 2.971, 2.978, 2.984, 2.990, 2.996, 3.002,
     3.008, 3.013, 3.019, 3.025, 3.030, 3.036, 3.041, 3.046, 3.052, 3.057, 3.062, 3.067, 3.073, 3.078, 3.083, 3.088,
     3.093, 3.098, 3.103, 3.108, 3.113, 3.118, 3.127, 3.136, 3.145, 3.154, 3.163, 3.172, 3.181, 3.190, 3.199, 3.208,
     3.217, 3.226, 3.235, 3.244, 3.253, 3.262, 3.271, 3.280, 3.289, 3.298],
    [1.462, 1.497, 1.528, 1.555, 1.581, 1.603, 1.624, 1.640, 1.654, 1.667, 1.685, 1.708, 1.740, 1.772, 1.805, 1.837,
     1.869, 1.899, 1.929, 1.960, 1.991, 2.016, 0, 2.069, 2.101, 2.126, 2.153, 2.177, 2.201, 2.226, 2.250, 2.275, 2.298,
     2.322, 2.346, 2.370, 2.394, 2.418, 2.442, 2.463, 2.483, 2.500, 2.517, 2.531, 2.544, 2.556, 2.567, 2.576, 2.584,
     2.591, 2.597, 2.602, 2.606, 2.610, 2.614, 2.619, 2.623, 2.628, 2.632, 2.637, 2.641, 2.646, 2.651, 2.656, 2.662,
     2.668, 2.674, 2.680, 2.687, 2.694, 2.701, 2.708, 2.716, 2.723, 2.731, 2.739, 2.747, 2.755, 2.763, 2.771, 2.779,
     2.787, 2.796, 2.804, 2.812, 2.820, 2.828, 2.837, 2.845, 2.852, 2.860, 2.868, 2.876, 2.883, 2.891, 2.898, 2.906,
     2.913, 2.920, 2.927, 2.934, 2.941, 2.949, 2.956, 2.963, 2.969, 2.976, 2.983, 2.989, 2.995, 3.001, 3.007, 3.013,
     3.019, 3.024, 3.030, 3.035, 3.041, 3.046, 3.052, 3.057, 3.062, 3.067, 3.073, 3.078, 3.083, 3.088, 3.093, 3.098,
     3.103, 3.108, 3.113, 3.118, 3.123, 3.127, 3.136, 3.145, 3.154, 3.163, 3.172, 3.181, 3.190, 3.199, 3.208, 3.217,
     3.226, 3.235, 3.244, 3.253, 3.262, 3.271, 3.280, 3.289, 3.298, 3.307],
    [1.489, 1.523, 1.554, 1.581, 1.606, 1.629, 1.650, 1.667, 1.682, 1.696, 1.714, 1.738, 1.770, 1.802, 1.834, 1.866,
     1.898, 1.927, 1.957, 1.987, 2.017, 2.043, 2.069, 0, 2.133, 2.155, 2.181, 2.204, 2.227, 2.252, 2.276, 2.300, 2.324,
     2.347, 2.371, 2.395, 2.419, 2.443, 2.467, 2.488, 2.507, 2.524, 2.540, 2.554, 2.567, 2.578, 2.588, 2.597, 2.605,
     2.611, 2.617, 2.621, 2.624, 2.628, 2.632, 2.636, 2.640, 2.644, 2.648, 2.652, 2.657, 2.661, 2.666, 2.671, 2.676,
     2.682, 2.688, 2.694, 2.700, 2.707, 2.714, 2.722, 2.729, 2.736, 2.744, 2.752, 2.760, 2.768, 2.776, 2.784, 2.792,
     2.800, 2.808, 2.816, 2.824, 2.832, 2.841, 2.849, 2.856, 2.864, 2.872, 2.880, 2.887, 2.895, 2.902, 2.910, 2.917,
     2.924, 2.931, 2.938, 2.946, 2.953, 2.960, 2.967, 2.974, 2.980, 2.987, 2.993, 3.000, 3.006, 3.012, 3.018, 3.023,
     3.029, 3.035, 3.040, 3.046, 3.051, 3.057, 3.062, 3.067, 3.072, 3.078, 3.083, 3.088, 3.093, 3.098, 3.103, 3.108,
     3.113, 3.118, 3.122, 3.127, 3.132, 3.137, 3.146, 3.155, 3.164, 3.173, 3.182, 3.191, 3.200, 3.209, 3.218, 3.227,
     3.236, 3.245, 3.254, 3.263, 3.272, 3.281, 3.290, 3.299, 3.308, 3.317],
    [1.516, 1.550, 1.580, 1.607, 1.633, 1.655, 1.677, 1.694, 1.710, 1.725, 1.744, 1.769, 1.800, 1.832, 1.864, 1.895,
     1.927, 1.957, 1.987, 2.016, 2.046, 2.073, 2.101, 2.133, 0, 2.177, 2.204, 2.228, 2.251, 2.276, 2.300, 2.324, 2.348,
     2.371, 2.395, 2.419, 2.443, 2.467, 2.491, 2.512, 2.530, 2.547, 2.563, 2.577, 2.589, 2.600, 2.609, 2.617, 2.625,
     2.630, 2.635, 2.639, 2.642, 2.645, 2.648, 2.652, 2.656, 2.659, 2.663, 2.667, 2.671, 2.675, 2.680, 2.685, 2.690,
     2.695, 2.701, 2.707, 2.713, 2.720, 2.727, 2.734, 2.741, 2.749, 2.756, 2.764, 2.772, 2.780, 2.788, 2.796, 2.804,
     2.812, 2.820, 2.828, 2.836, 2.844, 2.852, 2.860, 2.868, 2.876, 2.883, 2.891, 2.898, 2.906, 2.913, 2.921, 2.928,
     2.935, 2.942, 2.949, 2.956, 2.963, 2.970, 2.977, 2.984, 2.991, 2.997, 3.004, 3.010, 3.016, 3.022, 3.028, 3.034,
     3.039, 3.045, 3.050, 3.056, 3.061, 3.066, 3.072, 3.077, 3.082, 3.087, 3.092, 3.097, 3.102, 3.107, 3.112, 3.117,
     3.122, 3.127, 3.132, 3.137, 3.141, 3.146, 3.155, 3.164, 3.173, 3.182, 3.191, 3.200, 3.209, 3.218, 3.227, 3.236,
     3.245, 3.254, 3.263, 3.272, 3.281, 3.290, 3.299, 3.308, 3.317, 3.326],
    [1.542, 1.576, 1.606, 1.633, 1.659, 1.682, 1.703, 1.721, 1.738, 1.753, 1.773, 1.798, 1.829, 1.861, 1.892, 1.924,
     1.955, 1.984, 2.014, 2.043, 2.072, 2.099, 2.126, 2.155, 2.177, 0, 2.232, 2.254, 2.275, 2.301, 2.325, 2.349, 2.372,
     2.395, 2.419, 2.443, 2.467, 2.491, 2.515, 2.535, 2.554, 2.570, 2.586, 2.599, 2.610, 2.621, 2.629, 2.637, 2.644,
     2.649, 2.654, 2.657, 2.659, 2.662, 2.665, 2.668, 2.671, 2.675, 2.678, 2.682, 2.685, 2.689, 2.693, 2.698, 2.703,
     2.708, 2.714, 2.720, 2.726, 2.732, 2.739, 2.746, 2.753, 2.761, 2.768, 2.776, 2.783, 2.791, 2.799, 2.807, 2.815,
     2.823, 2.831, 2.839, 2.847, 2.855, 2.863, 2.871, 2.879, 2.886, 2.894, 2.902, 2.909, 2.917, 2.924, 2.931, 2.939,
     2.946, 2.953, 2.960, 2.967, 2.974, 2.981, 2.987, 2.994, 3.001, 3.008, 3.014, 3.020, 3.026, 3.032, 3.038, 3.043,
     3.049, 3.054, 3.060, 3.065, 3.071, 3.076, 3.081, 3.086, 3.091, 3.097, 3.102, 3.107, 3.112, 3.116, 3.121, 3.126,
     3.131, 3.136, 3.141, 3.145, 3.150, 3.155, 3.164, 3.173, 3.182, 3.191, 3.200, 3.209, 3.218, 3.227, 3.236, 3.245,
     3.254, 3.263, 3.272, 3.281, 3.290, 3.299, 3.308, 3.317, 3.326, 3.335],
    [1.569, 1.602, 1.632, 1.659, 1.685, 1.708, 1.729, 1.748, 1.765, 1.781, 1.802, 1.827, 1.858, 1.889, 1.921, 1.952,
     1.982, 2.012, 2.041, 2.070, 2.099, 2.125, 2.153, 2.181, 2.204, 2.232, 0, 2.276, 2.297, 2.324, 2.348, 2.372, 2.395,
     2.419, 2.443, 2.467, 2.491, 2.515, 2.538, 2.559, 2.577, 2.593, 2.608, 2.620, 2.631, 2.641, 2.649, 2.657, 2.663,
     2.668, 2.671, 2.674, 2.676, 2.678, 2.680, 2.683, 2.686, 2.689, 2.692, 2.695, 2.699, 2.702, 2.706, 2.711, 2.715,
     2.720, 2.726, 2.732, 2.738, 2.744, 2.751, 2.758, 2.765, 2.772, 2.779, 2.787, 2.795, 2.802, 2.810, 2.818, 2.826,
     2.834, 2.842, 2.850, 2.858, 2.866, 2.874, 2.881, 2.889, 2.897, 2.905, 2.912, 2.920, 2.927, 2.934, 2.941, 2.949,
     2.956, 2.963, 2.970, 2.977, 2.983, 2.990, 2.997, 3.004, 3.011, 3.017, 3.024, 3.030, 3.036, 3.042, 3.047, 3.053,
     3.058, 3.064, 3.069, 3.075, 3.080, 3.085, 3.090, 3.095, 3.101, 3.106, 3.111, 3.116, 3.120, 3.125, 3.130, 3.135,
     3.140, 3.145, 3.149, 3.154, 3.159, 3.163, 3.172, 3.181, 3.190, 3.199, 3.208, 3.217, 3.226, 3.235, 3.244, 3.253,
     3.262, 3.271, 3.280, 3.289, 3.298, 3.307, 3.316, 3.325, 3.334, 3.343],
    [1.595, 1.628, 1.658, 1.685, 1.710, 1.734, 1.755, 1.775, 1.792, 1.809, 1.829, 1.855, 1.886, 1.917, 1.948, 1.979,
     2.009, 2.038, 2.067, 2.096, 2.124, 2.150, 2.177, 2.204, 2.228, 2.254, 2.276, 0, 2.318, 2.349, 2.372, 2.396, 2.419,
     2.443, 2.467, 2.491, 2.515, 2.539, 2.562, 2.582, 2.600, 2.616, 2.630, 2.642, 2.652, 2.661, 2.669, 2.676, 2.681,
     2.685, 2.688, 2.690, 2.692, 2.693, 2.695, 2.697, 2.700, 2.703, 2.705, 2.708, 2.712, 2.715, 2.719, 2.723, 2.727,
     2.732, 2.737, 2.743, 2.749, 2.755, 2.762, 2.769, 2.776, 2.783, 2.790, 2.797, 2.805, 2.813, 2.820, 2.828, 2.836,
     2.844, 2.852, 2.860, 2.868, 2.876, 2.884, 2.892, 2.899, 2.907, 2.914, 2.922, 2.929, 2.937, 2.944, 2.951, 2.958,
     2.965, 2.972, 2.979, 2.986, 2.993, 3.000, 3.007, 3.014, 3.020, 3.027, 3.033, 3.039, 3.045, 3.051, 3.056, 3.062,
     3.067, 3.073, 3.078, 3.084, 3.089, 3.094, 3.099, 3.104, 3.109, 3.114, 3.119, 3.124, 3.129, 3.134, 3.139, 3.144,
     3.148, 3.153, 3.158, 3.162, 3.167, 3.172, 3.181, 3.190, 3.199, 3.208, 3.217, 3.226, 3.235, 3.244, 3.253, 3.262,
     3.271, 3.280, 3.289, 3.298, 3.307, 3.316, 3.325, 3.334, 3.343, 3.352],
    [1.621, 1.654, 1.683, 1.710, 1.736, 1.759, 1.781, 1.800, 1.818, 1.836, 1.857, 1.882, 1.913, 1.944, 1.974, 2.005,
     2.035, 2.064, 2.092, 2.120, 2.148, 2.174, 2.201, 2.227, 2.251, 2.275, 2.297, 2.318, 0, 2.379, 2.399, 2.422, 2.444,
     2.467, 2.491, 2.515, 2.539, 2.563, 2.586, 2.606, 2.624, 2.638, 2.652, 2.663, 2.673, 2.682, 2.688, 2.694, 2.699,
     2.703, 2.705, 2.707, 2.707, 2.708, 2.710, 2.711, 2.713, 2.716, 2.718, 2.721, 2.724, 2.727, 2.730, 2.734, 2.739,
     2.743, 2.748, 2.754, 2.760, 2.766, 2.772, 2.779, 2.786, 2.793, 2.800, 2.808, 2.815, 2.823, 2.831, 2.838, 2.846,
     2.854, 2.862, 2.870, 2.878, 2.886, 2.893, 2.901, 2.909, 2.917, 2.924, 2.932, 2.939, 2.946, 2.954, 2.961, 2.968,
     2.975, 2.982, 2.989, 2.995, 3.002, 3.009, 3.016, 3.023, 3.029, 3.036, 3.042, 3.048, 3.054, 3.060, 3.065, 3.071,
     3.076, 3.082, 3.087, 3.092, 3.097, 3.103, 3.108, 3.113, 3.118, 3.123, 3.128, 3.133, 3.137, 3.142, 3.147, 3.152,
     3.157, 3.161, 3.166, 3.171, 3.175, 3.180, 3.189, 3.198, 3.207, 3.216, 3.225, 3.234, 3.243, 3.252, 3.261, 3.270,
     3.279, 3.288, 3.297, 3.306, 3.315, 3.324, 3.333, 3.342, 3.351, 3.360],
    [1.647, 1.679, 1.709, 1.736, 1.761, 1.785, 1.807, 1.827, 1.845, 1.863, 1.884, 1.910, 1.940, 1.971, 2.001, 2.031,
     2.061, 2.090, 2.118, 2.146, 2.174, 2.200, 2.226, 2.252, 2.276, 2.301, 2.324, 2.349, 2.379, 0, 2.419, 2.444, 2.466,
     2.489, 2.514, 2.538, 2.562, 2.586, 2.610, 2.629, 2.646, 2.660, 2.673, 2.684, 2.693, 2.701, 2.707, 2.712, 2.716,
     2.719, 2.721, 2.721, 2.721, 2.722, 2.723, 2.724, 2.726, 2.728, 2.730, 2.732, 2.735, 2.738, 2.741, 2.745, 2.749,
     2.753, 2.758, 2.764, 2.769, 2.775, 2.782, 2.789, 2.795, 2.802, 2.810, 2.817, 2.825, 2.832, 2.840, 2.847, 2.855,
     2.863, 2.871, 2.879, 2.887, 2.895, 2.902, 2.910, 2.918, 2.926, 2.933, 2.940, 2.948, 2.955, 2.962, 2.970, 2.977,
     2.984, 2.991, 2.997, 3.004, 3.011, 3.018, 3.025, 3.031, 3.038, 3.044, 3.050, 3.056, 3.062, 3.068, 3.074, 3.079,
     3.085, 3.090, 3.095, 3.100, 3.106, 3.111, 3.116, 3.121, 3.126, 3.131, 3.136, 3.141, 3.145, 3.150, 3.155, 3.160,
     3.164, 3.169, 3.174, 3.178, 3.183, 3.187, 3.196, 3.205, 3.214, 3.223, 3.232, 3.241, 3.250, 3.259, 3.268, 3.277,
     3.286, 3.295, 3.304, 3.313, 3.322, 3.331, 3.340, 3.349, 3.358, 3.367],
    [1.673, 1.705, 1.734, 1.761, 1.787, 1.810, 1.832, 1.852, 1.871, 1.889, 1.911, 1.937, 1.967, 1.997, 2.027, 2.057,
     2.087, 2.115, 2.143, 2.171, 2.198, 2.224, 2.250, 2.276, 2.300, 2.325, 2.348, 2.372, 2.399, 2.419, 0, 2.470, 2.490,
     2.513, 2.537, 2.562, 2.586, 2.610, 2.633, 2.653, 2.668, 2.682, 2.694, 2.704, 2.712, 2.719, 2.725, 2.729, 2.733,
     2.735, 2.736, 2.736, 2.735, 2.735, 2.735, 2.736, 2.738, 2.739, 2.741, 2.743, 2.746, 2.748, 2.751, 2.755, 2.759,
     2.763, 2.768, 2.773, 2.779, 2.785, 2.791, 2.798, 2.804, 2.811, 2.819, 2.826, 2.833, 2.841, 2.849, 2.856, 2.864,
     2.872, 2.880, 2.887, 2.895, 2.903, 2.911, 2.919, 2.927, 2.934, 2.942, 2.949, 2.956, 2.964, 2.971, 2.978, 2.985,
     2.992, 2.999, 3.006, 3.012, 3.019, 3.026, 3.033, 3.040, 3.046, 3.052, 3.059, 3.065, 3.071, 3.076, 3.082, 3.087,
     3.093, 3.098, 3.103, 3.108, 3.114, 3.119, 3.124, 3.129, 3.134, 3.139, 3.143, 3.148, 3.153, 3.158, 3.162, 3.167,
     3.172, 3.176, 3.181, 3.186, 3.190, 3.195, 3.204, 3.213, 3.222, 3.231, 3.240, 3.249, 3.258, 3.267, 3.276, 3.285,
     3.294, 3.303, 3.312, 3.321, 3.330, 3.339, 3.348, 3.357, 3.366, 3.375],
    [1.698, 1.730, 1.760, 1.787, 1.812, 1.836, 1.858, 1.878, 1.897, 1.916, 1.937, 1.963, 1.993, 2.024, 2.053, 2.083,
     2.112, 2.141, 2.168, 2.196, 2.223, 2.249, 2.275, 2.300, 2.324, 2.349, 2.372, 2.396, 2.422, 2.444, 2.470, 0, 2.510,
     2.535, 2.560, 2.585, 2.609, 2.634, 2.657, 2.675, 2.691, 2.703, 2.715, 2.724, 2.731, 2.737, 2.742, 2.745, 2.748,
     2.750, 2.750, 2.749, 2.748, 2.747, 2.747, 2.747, 2.748, 2.750, 2.751, 2.753, 2.755, 2.757, 2.760, 2.764, 2.767,
     2.772, 2.776, 2.781, 2.787, 2.793, 2.799, 2.806, 2.813, 2.820, 2.827, 2.834, 2.841, 2.849, 2.857, 2.864, 2.872,
     2.880, 2.888, 2.895, 2.903, 2.911, 2.919, 2.927, 2.935, 2.942, 2.950, 2.957, 2.964, 2.972, 2.979, 2.986, 2.993,
     3.000, 3.007, 3.014, 3.020, 3.027, 3.034, 3.041, 3.047, 3.054, 3.060, 3.066, 3.072, 3.078, 3.084, 3.089, 3.095,
     3.100, 3.105, 3.111, 3.116, 3.121, 3.126, 3.131, 3.136, 3.141, 3.146, 3.151, 3.155, 3.160, 3.165, 3.170, 3.174,
     3.179, 3.184, 3.188, 3.193, 3.197, 3.202, 3.211, 3.220, 3.229, 3.238, 3.247, 3.256, 3.265, 3.274, 3.283, 3.292,
     3.301, 3.310, 3.319, 3.328, 3.337, 3.346, 3.355, 3.364, 3.373, 3.382],
    [1.724, 1.756, 1.785, 1.812, 1.837, 1.861, 1.883, 1.903, 1.923, 1.941, 1.964, 1.989, 2.019, 2.049, 2.079, 2.108,
     2.137, 2.165, 2.193, 2.220, 2.247, 2.273, 2.298, 2.324, 2.348, 2.372, 2.395, 2.419, 2.444, 2.466, 2.490, 2.510, 0,
     2.559, 2.585, 2.609, 2.634, 2.658, 2.681, 2.699, 2.713, 2.725, 2.735, 2.743, 2.749, 2.755, 2.758, 2.761, 2.763,
     2.764, 2.763, 2.762, 2.760, 2.758, 2.758, 2.758, 2.758, 2.759, 2.760, 2.762, 2.764, 2.766, 2.768, 2.772, 2.775,
     2.780, 2.784, 2.789, 2.795, 2.801, 2.807, 2.813, 2.820, 2.827, 2.834, 2.841, 2.849, 2.856, 2.864, 2.872, 2.880,
     2.887, 2.895, 2.903, 2.911, 2.919, 2.927, 2.934, 2.942, 2.950, 2.957, 2.965, 2.972, 2.979, 2.986, 2.994, 3.001,
     3.007, 3.014, 3.021, 3.028, 3.035, 3.041, 3.048, 3.055, 3.061, 3.068, 3.074, 3.080, 3.086, 3.091, 3.097, 3.102,
     3.107, 3.113, 3.118, 3.123, 3.128, 3.133, 3.138, 3.143, 3.148, 3.153, 3.158, 3.163, 3.167, 3.172, 3.177, 3.181,
     3.186, 3.190, 3.195, 3.200, 3.204, 3.209, 3.218, 3.227, 3.236, 3.245, 3.254, 3.263, 3.272, 3.281, 3.290, 3.299,
     3.308, 3.317, 3.326, 3.335, 3.344, 3.353, 3.362, 3.371, 3.380, 3.389],
    [1.749, 1.781, 1.810, 1.836, 1.862, 1.885, 1.908, 1.929, 1.948, 1.967, 1.989, 2.015, 2.045, 2.075, 2.104, 2.133,
     2.162, 2.190, 2.217, 2.244, 2.271, 2.296, 2.322, 2.347, 2.371, 2.395, 2.419, 2.443, 2.467, 2.489, 2.513, 2.535,
     2.559, 0, 2.611, 2.635, 2.659, 2.683, 2.706, 2.722, 2.735, 2.745, 2.755, 2.761, 2.767, 2.771, 2.773, 2.776, 2.777,
     2.776, 2.775, 2.773, 2.770, 2.768, 2.767, 2.767, 2.767, 2.768, 2.768, 2.770, 2.771, 2.773, 2.776, 2.779, 2.782,
     2.786, 2.791, 2.796, 2.801, 2.807, 2.813, 2.820, 2.827, 2.834, 2.841, 2.848, 2.856, 2.863, 2.871, 2.879, 2.886,
     2.894, 2.902, 2.910, 2.918, 2.926, 2.934, 2.941, 2.949, 2.957, 2.964, 2.972, 2.979, 2.986, 2.993, 3.001, 3.008,
     3.014, 3.021, 3.028, 3.035, 3.042, 3.048, 3.055, 3.062, 3.068, 3.075, 3.081, 3.087, 3.093, 3.098, 3.104, 3.109,
     3.114, 3.120, 3.125, 3.130, 3.135, 3.140, 3.145, 3.150, 3.155, 3.160, 3.164, 3.169, 3.174, 3.179, 3.183, 3.188,
     3.192, 3.197, 3.202, 3.206, 3.211, 3.215, 3.224, 3.233, 3.242, 3.251, 3.260, 3.269, 3.278, 3.287, 3.296, 3.305,
     3.314, 3.323, 3.332, 3.341, 3.350, 3.359, 3.368, 3.377, 3.386, 3.395],
    [1.774, 1.806, 1.835, 1.861, 1.887, 1.910, 1.933, 1.954, 1.974, 1.993, 2.015, 2.041, 2.070, 2.100, 2.129, 2.158,
     2.187, 2.215, 2.242, 2.269, 2.295, 2.321, 2.346, 2.371, 2.395, 2.419, 2.443, 2.467, 2.491, 2.514, 2.537, 2.560,
     2.585, 2.611, 0, 2.658, 2.683, 2.707, 2.729, 2.745, 2.756, 2.765, 2.773, 2.778, 2.782, 2.785, 2.787, 2.788, 2.788,
